image_width: 640
image_height: 480
camera_name: kinect
camera_matrix:
   rows: 3
   cols: 3
   data: [574.87, 0.0, 319.76, 0.0, 574.05, 247.11, 0.0, 0.0, 1.0]
distortion_coefficients:
   rows: 1
   cols: 5
   data: [ 0.10265184, -0.18646532, 0.00000000, 0.00000000, 0.00000000 ]
rectification_matrix:
   rows: 3
   cols: 3
   data: [ 1., 0., 0., 0., 1., 0., 0., 0., 1. ]
projection_matrix:
   rows: 3
   cols: 4
   data: [ 574.87, 0.00000000, 319.76, 0., 0.00000000, 574.05, 247.11, 0., 0.00000000, 0.00000000, 1.00000000, 0. ]
